9
10
43
30
75
66
87
74
1
31
5
4
4
20
34
0
78
48
50
92
13
9
72
61
89
59
38
32
19
35
3
59
18
13
77
90
39
18
3
44
61
46
43
3
32
19
58
29
93
16
85
55
28
49
40
84
34
48
18
72
86
92
72
76
4
90
46
70
32
87
16
81
33
52
2
86
98
24
80
42
11
11
49
53
1
20
99
84
27
55
89
88
20
77
3
70
6
5
35
95
6
12
89
21
92
12
98
39
42
79
70
78
99
43
12
2
81
41
43
77
12
43
14
59
51
26
26
6
17
98
40
40
53
73
22
79
79
44
78
61
64
82
78
46
98
42
52
8
60
96
34
90
72
67
11
40
1
42
72
95
81
45
5
85
45
87
52
88
29
90
68
20
48
35
15
26
19
29
10
4
46
93
39
36
95
28
38
46
60
77
17
86
9
25
45
86
67
81
13
92
0
16
70
52
74
66
30
54
47
52
70
19
95
21
83
35
54
91
4
74
6
48
42
51
6
92
54
35
49
96
63
34
24
56
53
97
18
30
42
85
18
87
68
36
40
76
92
62
57
34
61
85
29
50
98
26
35
53
46
60
32
39
30
47
22
91
56
20
48
99
51
84
10
14
67
71
55
77
12
6
31
90
80
60
60
0
73
22
9
7
94
46
64
43
60
3
9
69
97
28
96
74
21
58
10
61
61
76
25
44
47
34
77
79
59
6
46
41
87
11
63
95
45
51
22
63
11
81
30
6
14
32
87
74
41
0
80
24
16
47
6
62
31
67
90
9
52
83
33
65
25
71
50
97
41
53
36
27
19
82
9
38
76
82
35
16
85
38
60
35
9
24
31
74
42
33
63
63
51
63
88
9
46
48
37
86
92
27
23
88
26
42
89
52
3
62
53
51
28
35
32
89
27
52
14
40
15
55
59
43
82
6
95
92
42
7
1
8
43
5
24
61
38
36
55
58
10
58
85
7
51
57
89
92
64
6
41
81
62
31
11
16
76
40
82
63
18
11
81
92
62
31
53
19
66
9
2
3
31
31
84
93
48
33
45
78
46
9
74
60
4
42
43
57
0
26
8
17
57
69
90
45
28
38
8
33
86
13
26
10
32
66
20
36
26
26
92
0
54
99
31
58
84
15
57
4
39
90
55
62
31
57
31
25
7
60
79
67
99
87
20
32
34
22
94
97
57
10
81
82
39
28
26
14
14
4
12
91
81
10
62
43
88
78
57
99
53
39
28
6
19
4
80
14
12
71
31
19
74
53
29
53
91
78
41
81
43
62
6
15
17
45
21
71
69
97
56
38
19
94
9
93
85
44
77
10
56
61
9
54
7
61
23
87
16
10
10
30
58
16
99
64
37
75
24
87
25
78
19
32
72
97
72
61
54
30
32
49
8
48
34
11
87
8
64
76
43
13
35
73
7
99
4
38
95
37
51
30
48
45
30
51
46
24
92
13
12
67
64
55
57
92
52
97
67
99
19
10
8
46
51
55
18
51
85
85
68
13
70
28
55
69
54
80
19
32
88
5
98
70
42
48
19
58
1
21
73
17
33
40
11
85
93
83
20
31
9
17
27
37
37
50
49
58
23
88
88
79
78
10
84
44
94
47
17
44
47
46
72
87
17
46
99
2
99
33
12
84
53
46
74
27
48
79
14
86
40
21
41
27
1
3
99
73
83
38
1
20
20
49
8
45
52
91
77
61
60
18
2
38
28
59
11
93
39
0
38
10
86
56
37
27
97
29
77
93
53
60
65
81
79
28
77
2
18
81
37
31
28
6
30
28
98
6
91
87
87
8
42
93
68
93
14
83
41
63
65
23
57
96
54
11
19
26
48
79
14
46
15
82
46
55
13
79
5
65
14
7
74
24
65
5
35
19
42
59
91
93
8
0
34
96
16
31
26
92
32
39
84
59
87
92
4
11
70
59
74
50
76
98
85
35
11
87
50
88
50
67
90
24
32
7
69
78
6
23
51
69
6
28
73
44
56
24
5
2
81
15
44
63
80
29
80
5
57
31
6
19
73
36
74
95
12
93
26
91
69
21
98
6
12
8
33
30
63
86
65
19
15
72
13
9
55
78
40
35
9
76
6
55
33
56
91
35
96
66
36
47
29
72
78
57
88
75
15
15
72
98
68
74
91
34
21
56
29
27
43
12
45
95
51
90
72
85
29
79
40
6
8
38
70
88
77
57
6
6
7
87
19
96
10
48
25
96
97
92
2
47
22
4
85
4
60
14
7
54
56
16
21
96
